1	0
0.999905028	0.000027
0.999622111	0.000107
0.99914925	0.00024
0.998488444	0.000427
0.997638694	0.000667
0.996600999	0.000959
0.99537536	0.001304
0.993962775	0.0017
0.992362245	0.002148
0.990575771	0.002647
0.988603351	0.003196
0.986445985	0.003794
0.984103674	0.004442
0.981578416	0.005137
0.978870212	0.00588
0.975979062	0.006669
0.972907965	0.007504
0.969656921	0.008383
0.966226929	0.009306
0.96261999	0.010271
0.958836102	0.011277
0.954877266	0.012323
0.950744481	0.013409
0.946439747	0.014531
0.941964063	0.015691
0.937319428	0.016885
0.932506843	0.018113
0.927528307	0.019373
0.922386818	0.020664
0.917081378	0.021985
0.911615985	0.023333
0.905992638	0.024709
0.900212338	0.026109
0.894277083	0.027533
0.888189872	0.028979
0.881951706	0.030445
0.875566583	0.03193
0.869035504	0.033433
0.862360466	0.034951
0.85554547	0.036484
0.848591514	0.038029
0.841501599	0.039585
0.834277722	0.041151
0.826923884	0.042724
0.819442084	0.044304
0.811834321	0.045889
0.804104593	0.047476
0.796254901	0.049065
0.788288243	0.050654
0.780208619	0.052241
0.772018027	0.053825
0.763719466	0.055404
0.755315937	0.056977
0.746811437	0.058542
0.738208967	0.060097
0.729510524	0.061641
0.720721108	0.063173
0.711842718	0.064691
0.702879353	0.066194
0.693834013	0.06768
0.684710695	0.069147
0.675513399	0.070594
0.666244124	0.07202
0.656906869	0.073424
0.647505633	0.074804
0.638044415	0.076158
0.628525214	0.077485
0.618954028	0.078785
0.609332856	0.080055
0.599665698	0.081294
0.589957552	0.082502
0.580210418	0.083676
0.570428294	0.084816
0.560617179	0.08592
0.550778071	0.086988
0.54091697	0.088018
0.531036875	0.089009
0.521140785	0.08996
0.511234697	0.09087
0.501320612	0.091737
0.491404527	0.092562
0.481488442	0.093343
0.471576357	0.094078
0.461674268	0.094768
0.451784175	0.095412
0.441910078	0.096008
0.432056975	0.096556
0.422228865	0.097055
0.412429746	0.097504
0.402661617	0.097904
0.392815512	0.098246
0.382969407	0.09851
0.373166289	0.098697
0.363411157	0.098806
0.35370801	0.098838
0.344061846	0.098792
0.334475664	0.098669
0.324955463	0.098469
0.315504242	0.098192
0.306124999	0.09784
0.296824734	0.097413
0.287605444	0.096911
0.278471129	0.096336
0.269427788	0.095689
0.26047742	0.09497
0.251624023	0.094181
0.242873595	0.093322
0.234227137	0.092396
0.225690647	0.091404
0.217267123	0.090347
0.208960566	0.089226
0.200773972	0.088044
0.192710343	0.086802
0.184775676	0.085502
0.176969971	0.084145
0.169300226	0.082734
0.161766441	0.081271
0.154374614	0.079758
0.147125745	0.078196
0.140022833	0.076589
0.133070877	0.074937
0.126270876	0.073244
0.11962683	0.071512
0.113140737	0.069743
0.106815596	0.067939
0.100653408	0.066103
0.094656171	0.064237
0.088827885	0.062343
0.083169548	0.060424
0.077684161	0.058482
0.072372722	0.05652
0.067238232	0.05454
0.062281689	0.052544
0.057506093	0.050535
0.052911444	0.048514
0.048500741	0.046485
0.044274983	0.04445
0.040235171	0.04241
0.036383303	0.040367
0.03272138	0.038325
0.029248401	0.036284
0.025967366	0.034248
0.022877274	0.032217
0.019981126	0.030193
0.01727892	0.028179
0.014771657	0.026176
0.012458337	0.024186
0.010341959	0.022209
0.008421524	0.020248
0.006697031	0.018304
0.00516948	0.016378
0.003839871	0.014471
0.002707204	0.012584
0.001771479	0.010718
0.001032696	0.008874
0.000491855	0.007052
0.000146957	0.005253
0	0.003478
4.89856E-05	0.001727
0.000293914	0
0.000731785	-0.001688
0.001358601	-0.003324
0.002174361	-0.004907
0.003178066	-0.006437
0.004368716	-0.007913
0.005746311	-0.009337
0.007308851	-0.010709
0.009056337	-0.012027
0.01098677	-0.013293
0.013100149	-0.014507
0.015393474	-0.015669
0.017867747	-0.016779
0.020519967	-0.017837
0.023350135	-0.018843
0.026355252	-0.019799
0.029535317	-0.020704
0.032887331	-0.021559
0.036411295	-0.022363
0.040104209	-0.023119
0.043965074	-0.023825
0.04799189	-0.024483
0.052182658	-0.025093
0.056535379	-0.025656
0.061049052	-0.026172
0.065720678	-0.026642
0.070548259	-0.027066
0.075530794	-0.027446
0.080666284	-0.027782
0.08595073	-0.028075
0.091384133	-0.028326
0.096963493	-0.028536
0.10268681	-0.028706
0.108551086	-0.028836
0.114554321	-0.028927
0.120695516	-0.028982
0.126970671	-0.029
0.133378787	-0.028983
0.139915865	-0.028932
0.146580905	-0.028848
0.153371909	-0.028733
0.160284876	-0.028588
0.167318808	-0.028414
0.174469706	-0.028213
0.181736569	-0.027985
0.1891164	-0.027732
0.196607197	-0.027457
0.204204964	-0.027159
0.211907699	-0.026841
0.219713404	-0.026504
0.22762008	-0.02615
0.235623727	-0.025781
0.243721346	-0.025397
0.251911938	-0.025001
0.260191504	-0.024594
0.268559044	-0.024177
0.277009559	-0.023753
0.285541051	-0.023323
0.294152519	-0.022888
0.302837966	-0.02245
0.31159739	-0.022012
0.320426795	-0.021574
0.329323179	-0.021137
0.338283545	-0.020705
0.347305892	-0.020277
0.356386222	-0.019857
0.365522536	-0.019444
0.374710835	-0.019042
0.383948119	-0.01865
0.39323239	-0.018271
0.402598636	-0.017905
0.412119837	-0.017537
0.421676027	-0.01716
0.431264208	-0.016776
0.440880381	-0.016386
0.450521547	-0.01599
0.460183706	-0.015589
0.46986386	-0.015185
0.47955801	-0.014778
0.489262157	-0.014369
0.498973302	-0.01396
0.508687446	-0.01355
0.51840059	-0.01314
0.528110735	-0.012732
0.537812883	-0.012326
0.547504034	-0.011922
0.557180189	-0.011522
0.56683735	-0.011126
0.576472517	-0.010734
0.586081692	-0.010347
0.595660876	-0.009966
0.605207069	-0.009591
0.614716273	-0.009222
0.624185489	-0.00886
0.633610718	-0.008505
0.642987962	-0.008158
0.65231322	-0.007818
0.661584494	-0.007487
0.670795786	-0.007163
0.679946096	-0.006848
0.689030425	-0.006542
0.698045775	-0.006244
0.706988145	-0.005955
0.715853539	-0.005674
0.724639956	-0.005403
0.733343397	-0.00514
0.741959864	-0.004886
0.750486357	-0.004641
0.758919878	-0.004404
0.767255427	-0.004176
0.775492005	-0.003957
0.783624614	-0.003746
0.791651255	-0.003543
0.799567927	-0.003348
0.807371633	-0.003162
0.815059373	-0.002983
0.822627148	-0.002811
0.830072959	-0.002647
0.837393806	-0.00249
0.844586692	-0.00234
0.851647616	-0.002197
0.858574579	-0.002061
0.865365583	-0.00193
0.872015627	-0.001806
0.878523714	-0.001688
0.884887843	-0.001576
0.891103016	-0.001469
0.897168233	-0.001367
0.903080494	-0.001271
0.908837802	-0.001179
0.914437155	-0.001092
0.919877556	-0.001009
0.925155004	-0.000931
0.930267501	-0.000857
0.935214047	-0.000787
0.939991642	-0.000721
0.944599288	-0.000659
0.949032984	-0.0006
0.953292732	-0.000545
0.957376531	-0.000492
0.961282383	-0.000443
0.965008288	-0.000397
0.968552246	-0.000354
0.971914257	-0.000314
0.975091323	-0.000277
0.978083443	-0.000242
0.980887619	-0.00021
0.98350485	-0.00018
0.985932136	-0.000153
0.988169478	-0.000128
0.990214877	-0.000105
0.992068332	-0.000085
0.993729843	-0.000067
0.995196412	-0.000051
0.996469038	-0.000037
0.997546721	-0.000026
0.998429462	-0.000017
0.99911626	-0.000009
0.999607116	-0.000004
0.999902029	-0.000001
1	0