-180	0	0.007722098	-180	0	0.007722098	-180	0	0.01	-180	0	0.01	-180	0	0.01
-170	0.600833333	0.051444198	-170	0.7	0.051444198	-170	0.694166667	0.031308019	-170	0.735	0.035234574	-170	0.7525	0.017716099
-160	0.615473774	0.177326382	-160	0.682236956	0.177326382	-160	0.67830971	0.158112664	-160	0.705800433	0.161859339	-160	0.717582171	0.145143404
-150	0.608231991	0.370153965	-150	0.64702097	0.370153965	-150	0.644739265	0.352446507	-150	0.660711197	0.355899461	-150	0.667556311	0.340493972
-140	0.603098797	0.606617767	-140	0.626706706	0.606617767	-140	0.625318006	0.590954601	-140	0.635038909	0.594008918	-140	0.639205011	0.580381963
-130	0.561370064	0.8581271	-130	0.575317619	0.8581271	-130	0.574497175	0.844984143	-130	0.580240286	0.84754702	-130	0.58270162	0.836112647
-120	0.472925096	1.094260345	-120	0.480390038	1.094260345	-120	0.479950924	1.084036939	-120	0.483024724	1.086030503	-120	0.484342067	1.07713614
-110	0.340989594	1.286436858	-110	0.344208695	1.286436858	-110	0.344019336	1.279443637	-110	0.345344849	1.280807315	-110	0.345912925	1.274723212
-100	0.177458152	1.411367241	-100	0.178249935	1.411367241	-100	0.17820336	1.407816689	-100	0.178529388	1.408509046	-100	0.178669114	1.405420067
-90	-6.23145E-17	1.453865728	-90	-6.23145E-17	1.453865728	-90	-6.23145E-17	1.453865728	-90	-6.23145E-17	1.453865728	-90	-6.23145E-17	1.453865728
-80	-0.177458152	1.411367241	-80	-0.178249935	1.411367241	-80	-0.17820336	1.407816689	-80	-0.178529388	1.408509046	-80	-0.178669114	1.405420067
-70	-0.340989594	1.286436858	-70	-0.344208695	1.286436858	-70	-0.344019336	1.279443637	-70	-0.345344849	1.280807315	-70	-0.345912925	1.274723212
-60	-0.472925096	1.094260345	-60	-0.480390038	1.094260345	-60	-0.479950924	1.084036939	-60	-0.483024724	1.086030503	-60	-0.484342067	1.07713614
-50	-0.561370064	0.8581271	-50	-0.575317619	0.8581271	-50	-0.574497175	0.844984143	-50	-0.580240286	0.84754702	-50	-0.58270162	0.836112647
-40.0000	-0.603098797	0.606617767	-40.0000	-0.6267	0.606617767	-40	-0.6253	0.5910	-40	-0.635038909	0.594008918	-40	-0.639205011	0.580381963
-30.0000	-0.608231991	0.370153965	-30.0000	-0.6470	0.370153965	-30	-0.6447	0.3524	-30	-0.660711197	0.355899461	-30	-0.667556311	0.340493972
-20.0000	-0.615473774	0.177326382	-20.0000	-0.6822	0.177326382	-20	-0.6783	0.1581	-20	-0.705800433	0.161859339	-20	-0.717582171	0.145143404
-10.0000	-0.565444444	0.0626	-10.0000	-0.6378	0.062022222	-10	-0.6277	0.0427	-10	-0.675111111	0.045344444	-10	-0.686777778	0.031366667
-3.0000	-0.03	0.0353	-3.0000	0.1000	0.0327	-3	0.1300	0.0159	-3	0.07	0.014	-3	0.1	0.012
-2.0000	0.08	0.0352	-2.0000	0.2100	0.0291	-2	0.2400	0.0150	-2	0.17	0.0136	-2	0.2	0.0117
-1.0000	0.19	0.0345	-1.0000	0.3200	0.0251	-1	0.3400	0.0147	-1	0.27	0.0131	-1	0.3	0.0117
0.0000	0.3	0.0334	0.0000	0.4200	0.0233	0	0.4300	0.0145	0	0.37	0.0126	0	0.41	0.0119
1.0000	0.4	0.0325	1.0000	0.5300	0.0229	1	0.5200	0.0144	1	0.47	0.0122	1	0.51	0.0123
2.0000	0.5	0.0316	2.0000	0.6300	0.023	2	0.6100	0.0144	2	0.56	0.012	2	0.6	0.0127
3.0000	0.59	0.0308	3.0000	0.7200	0.0236	3	0.7000	0.0144	3	0.65	0.012	3	0.69	0.0131
4.0000	0.67	0.0305	4.0000	0.8100	0.0245	4	0.7700	0.0146	4	0.74	0.0123	4	0.77	0.0137
5.0000	0.74	0.0307	5.0000	0.8900	0.0259	5	0.8500	0.0151	5	0.82	0.013	5	0.85	0.0144
6.0000	0.8	0.0315	6.0000	0.9500	0.0279	6	0.9100	0.0161	6	0.9	0.0141	6	0.92	0.0152
7.0000	0.86	0.0331	7.0000	1.0200	0.0308	7	0.9800	0.0176	7	0.98	0.0157	7	0.99	0.0163
8.0000	0.91	0.0356	8.0000	1.0700	0.0346	8	1.0400	0.0199	8	1.05	0.0182	8	1.05	0.0177
9.0000	0.96	0.0387	9.0000	1.1200	0.0398	9	1.0900	0.0235	9	1.11	0.0219	9	1.11	0.0198
10.0000	0.99	0.047	10.0000	1.1600	0.047	10	1.1300	0.0288	10	1.17	0.0277	10	1.17	0.0231
11.0000	1.02	0.0568	11.0000	1.1800	0.0568	11	1.17	0.037	11	1.22	0.0373	11	1.23	0.0284
12.0000	1.03	0.0704	12.0000	1.2000	0.0704	12	1.19	0.0504	12	1.26	0.0543	12	1.29	0.0369
20.0000	0.879248248	0.177326382	20.0000	0.9746	0.177326382	20	0.969013872	0.158112664	20	1.008286332	0.161859339	20	1.025117387	0.145143404
30.0000	0.868902844	0.370153965	30.0000	0.9243	0.370153965	30	0.921056093	0.352446507	30	0.943873139	0.355899461	30	0.953651873	0.340493972
40.0000	0.861569711	0.606617767	40.0000	0.8953	0.606617767	40	0.893311437	0.590954601	40	0.907198442	0.594008918	40	0.913150016	0.580381963
50.0000	0.801957234	0.8581271	50.0000	0.8219	0.8581271	50	0.82071025	0.844984143	50	0.828914695	0.84754702	50	0.832430885	0.836112647
60.0000	0.67560728	1.094260345	60.0000	0.6863	1.094260345	60	0.685644177	1.084036939	60	0.69003532	1.086030503	60	0.691917238	1.07713614
70.0000	0.487127992	1.286436858	70.0000	0.4917	1.286436858	70	0.491456195	1.279443637	70	0.493349784	1.280807315	70	0.494161322	1.274723212
80.0000	0.253511646	1.411367241	80.0000	0.2546	1.411367241	80	0.254576228	1.407816689	80	0.255041983	1.408509046	80	0.255241592	1.405420067
90.0000	8.90207E-17	1.453865728	90.0000	0.0000	1.453865728	90	8.90207E-17	1.453865728	90	8.90207E-17	1.453865728	90	8.90207E-17	1.453865728
100.0000	-0.177458152	1.411367241	100.0000	-0.1782	1.411367241	100	-0.17820336	1.407816689	100	-0.178529388	1.408509046	100	-0.178669114	1.405420067
110.0000	-0.340989594	1.286436858	110.0000	-0.3442	1.286436858	110	-0.344019336	1.279443637	110	-0.345344849	1.280807315	110	-0.345912925	1.274723212
120.0000	-0.472925096	1.094260345	120.0000	-0.4804	1.094260345	120	-0.479950924	1.084036939	120	-0.483024724	1.086030503	120	-0.484342067	1.07713614
130.0000	-0.561370064	0.8581271	130.0000	-0.5753	0.8581271	130	-0.574497175	0.844984143	130	-0.580240286	0.84754702	130	-0.58270162	0.836112647
140.0000	-0.603098797	0.606617767	140.0000	-0.6267	0.606617767	140	-0.625318006	0.590954601	140	-0.635038909	0.594008918	140	-0.639205011	0.580381963
150.0000	-0.608231991	0.370153965	150.0000	-0.6470	0.370153965	150	-0.644739265	0.352446507	150	-0.660711197	0.355899461	150	-0.667556311	0.340493972
160.0000	-0.615473774	0.177326382	160.0000	-0.6822	0.177326382	160	-0.67830971	0.158112664	160	-0.705800433	0.161859339	160	-0.717582171	0.145143404
170.0000	-0.600833333	0.051444198	170.0000	-0.7000	0.051444198	170	-0.6942	0.0313	170	-0.735	0.035234574	170	-0.7525	0.017716099
180.0000	0	0.007722098	180.0000	0.0000	0.007722098	180	0.0000	0.0100	180	0	0.01	180	0	0.01