-180	0	0.01	-180	0	0.01	-180	0	0.01	-180	0	0.01	-180	0	0.01
-170	0.887079646	0.024630162	-170	0.86613033	0.025689641	-170	0.86613033	0.025689641	-170	0.845789474	0.020537791	-170	0.927442997	0.020054962
-160	0.738780955	0.144431517	-160	0.818244498	0.14544246	-160	0.818244498	0.14544246	-160	0.879155159	0.140526622	-160	0.848753707	0.140065911
-150	0.665586659	0.328054992	-150	0.711754465	0.328986683	-150	0.711754465	0.328986683	-150	0.747143167	0.324456222	-150	0.729480119	0.324031629
-140	0.624730868	0.553465677	-140	0.65282971	0.554289805	-140	0.65282971	0.554289805	-140	0.674368128	0.550282377	-140	0.66361797	0.549906803
-130	0.562462571	0.793628792	-130	0.57906337	0.794320317	-130	0.57906337	0.794320317	-130	0.59178827	0.790957686	-130	0.585437076	0.790642541
-120	0.463679502	1.019765833	-120	0.472564501	1.020303745	-120	0.472564501	1.020303745	-120	0.479375059	1.017688082	-120	0.475975804	1.017442943
-110	0.329191182	1.204819954	-110	0.333022653	1.205187907	-110	0.333022653	1.205187907	-110	0.335959565	1.203398688	-110	0.334493707	1.203231004
-100	0.169222006	1.326712771	-100	0.17016441	1.326899586	-100	0.17016441	1.326899586	-100	0.170886784	1.325991176	-100	0.170526236	1.32590604
-90	-5.87627E-17	1.371	-90	-5.87627E-17	1.371	-90	-5.87627E-17	1.371	-90	-5.87627E-17	1.371	-90	-5.87627E-17	1.371
-80	-0.169222006	1.326712771	-80	-0.17016441	1.326899586	-80	-0.17016441	1.326899586	-80	-0.170886784	1.325991176	-80	-0.170526236	1.32590604
-70	-0.329191182	1.204819954	-70	-0.333022653	1.205187907	-70	-0.333022653	1.205187907	-70	-0.335959565	1.203398688	-70	-0.334493707	1.203231004
-60	-0.463679502	1.019765833	-60	-0.472564501	1.020303745	-60	-0.472564501	1.020303745	-60	-0.479375059	1.017688082	-60	-0.475975804	1.017442943
-50	-0.562462571	0.793628792	-50	-0.57906337	0.794320317	-50	-0.57906337	0.794320317	-50	-0.59178827	0.790957686	-50	-0.585437076	0.790642541
-40	-0.624730868	0.553465677	-40	-0.65282971	0.554289805	-40	-0.65282971	0.554289805	-40	-0.674368128	0.550282377	-40	-0.66361797	0.549906803
-30	-0.665586659	0.328054992	-30	-0.711754465	0.328986683	-30	-0.711754465	0.328986683	-30	-0.747143167	0.324456222	-30	-0.729480119	0.324031629
-20	-0.738780955	0.144431517	-20	-0.818244498	0.14544246	-20	-0.818244498	0.14544246	-20	-0.879155159	0.140526622	-20	-0.848753707	0.140065911
-10	-0.851950143	0.04587106	-10	-0.780238124	0.05204038	-10	-0.780238124	0.05204038	-10	-0.640355446	0.067869873	-10	-0.712853691	0.054442282
-4.32	-0.278	0.089	-4.01	-0.071	0.062	-4.95	-0.122	0.075	-6.23	-0.124	0.086	-6.32	-0.036	0.0763
-3.07	0.047	0.043	-3.18	0.141	0.039	-3.91	0.142	0.04	-5.2	0.052	0.058	-5.22	0.143	0.0459
-1.89	0.19	0.033	-2.22	0.269	0.031	-2.93	0.303	0.026	-4.13	0.271	0.024	-4.17	0.316	0.0134
-0.87	0.3	0.034	-0.69	0.466	0.028	-1.85	0.454	0.021	-3.05	0.401	0.016	-3.17	0.433	0.0108
0.1	0.379	0.033	0.37	0.601	0.025	-0.97	0.57	0.019	-2.05	0.517	0.014	-2.12	0.55	0.0098
1.13	0.483	0.038	1.34	0.745	0.024	0.08	0.682	0.016	-1.02	0.631	0.012	-1.08	0.667	0.0092
2.25	0.616	0.043	2.33	0.873	0.022	1.07	0.793	0.015	-0.02	0.733	0.011	-0.06	0.782	0.0085
2.95	0.708	0.043	2.95	0.946	0.021	2.2	0.915	0.015	1.05	0.84	0.011	1	0.883	0.008
4.2	0.961	0.036	4.56	1.11	0.018	3.36	1.038	0.015	2.17	0.958	0.011	2.11	0.997	0.0084
5.1	1.095	0.03	5.43	1.192	0.017	3.97	1.095	0.014	3.12	1.053	0.011	3.15	1.101	0.0088
6.08	1.203	0.024	6.72	1.313	0.018	5.32	1.228	0.014	4.17	1.158	0.011	4.2	1.201	0.0096
7.27	1.285	0.022	7.12	1.348	0.018	6.46	1.325	0.015	5.18	1.249	0.012	5.2	1.288	0.0109
8.39	1.366	0.023	8.51	1.438	0.021	7.55	1.403	0.017	6.35	1.349	0.014	6.17	1.36	0.0127
9.35	1.413	0.026	9.4	1.473	0.025	8.59	1.458	0.02	7.19	1.41	0.015	7.29	1.433	0.0156
10.33	1.424	0.029	10.41	1.49	0.034	9.56	1.493	0.024	8.25	1.467	0.019	8.18	1.482	0.0183
11.3	1.432	0.036	11.58	1.521	0.041	10.2	1.507	0.029	9.34	1.511	0.023	9.22	1.53	0.0226
20	1.055401364	0.144431517	12.43	1.538	0.048	11.44	1.542	0.035	10.31	1.54	0.028	10.21	1.566	0.0269
30	0.950838085	0.328054992	20	1.168920712	0.14544246	20	1.168920712	0.14544246	11.33	1.57	0.034	11.22	1.599	0.0328
40	0.892472669	0.553465677	30	1.016792093	0.328986683	30	1.016792093	0.328986683	12.32	1.592	0.041	12.28	1.627	0.0409
50	0.803517958	0.793628792	40	0.932613871	0.554289805	40	0.932613871	0.554289805	13.3	1.607	0.052	20	1.212505295	0.140065911
60	0.662399289	1.019765833	50	0.827233386	0.794320317	50	0.827233386	0.794320317	20	1.255935942	0.140526622	30	1.042114455	0.324031629
70	0.470273117	1.204819954	60	0.675092144	1.020303745	60	0.675092144	1.020303745	30	1.067347381	0.324456222	40	0.948025672	0.549906803
80	0.241745723	1.326712771	70	0.475746647	1.205187907	70	0.475746647	1.205187907	40	0.96338304	0.550282377	50	0.83633868	0.790642541
90	8.39468E-17	1.371	80	0.243092014	1.326899586	80	0.243092014	1.326899586	50	0.845411815	0.790957686	60	0.679965435	1.017442943
100	-0.169222006	1.326712771	90	8.39468E-17	1.371	90	8.39468E-17	1.371	60	0.684821513	1.017688082	70	0.477848153	1.203231004
110	-0.329191182	1.204819954	100	-0.17016441	1.326899586	100	-0.17016441	1.326899586	70	0.479942236	1.203398688	80	0.243608909	1.32590604
120	-0.463679502	1.019765833	110	-0.333022653	1.205187907	110	-0.333022653	1.205187907	80	0.244123978	1.325991176	90	8.39468E-17	1.371
130	-0.562462571	0.793628792	120	-0.472564501	1.020303745	120	-0.472564501	1.020303745	90	8.39468E-17	1.371	100	-0.170526236	1.32590604
140	-0.624730868	0.553465677	130	-0.57906337	0.794320317	130	-0.57906337	0.794320317	100	-0.170886784	1.325991176	110	-0.334493707	1.203231004
150	-0.665586659	0.328054992	140	-0.65282971	0.554289805	140	-0.65282971	0.554289805	110	-0.335959565	1.203398688	120	-0.475975804	1.017442943
160	-0.738780955	0.144431517	150	-0.711754465	0.328986683	150	-0.711754465	0.328986683	120	-0.479375059	1.017688082	130	-0.585437076	0.790642541
170	-0.887079646	0.024630162	160	-0.818244498	0.14544246	160	-0.818244498	0.14544246	130	-0.59178827	0.790957686	140	-0.66361797	0.549906803
180	0	0.01	170	-0.86613033	0.025689641	170	-0.86613033	0.025689641	140	-0.674368128	0.550282377	150	-0.729480119	0.324031629
99990	99991	99992	180	0	0.01	180	0	0.01	150	-0.747143167	0.324456222	160	-0.848753707	0.140065911
99991	99992	99993	99991	99992	99993	99991	99992	99993	160	-0.879155159	0.140526622	170	-0.927442997	0.020054962
99992	99993	99994	99992	99993	99994	99992	99993	99994	170	-0.845789474	0.020537791	180	0	0.01
99993	99994	99995	99993	99994	99995	99993	99994	99995	180	0	0.01	99990	99991	99992
